2.05
1.94
2.01
2.13
1.92
1.94
2.08
2.00
1.97
1.99
1.91
1.95
2.12
1.93
2.03
2.08
2.04
1.94
2.22
1.96
2.01
2.14
2.28
2.02
2.02
2.16
2.06
2.02
2.24
2.20
2.05
2.28
2.06
1.95
2.26
2.13
1.89
2.26
2.08
1.94
2.11
2.02
1.91
1.87
2.08
2.09
2.06
2.14
2.05
1.98
2.26
2.13
2.20
2.09
1.93
2.14
2.06
1.95
2.03
1.95
2.00
2.13
2.11
2.12
2.15
2.07
2.06
2.06
2.03
1.96
2.01
2.25
2.18
2.09
2.05
2.16
2.06
2.07
1.98
2.19
2.14
2.00
2.09
2.12
2.11
2.17
2.09
2.09
2.13
2.14
2.08
2.02
2.05
2.07
2.03
2.05
2.12
1.93
1.94
2.04
2.08
2.08
1.98
1.99
2.07
2.09
2.04
2.08
1.89
2.10
2.02
2.11
3.36
2.11
2.10
2.16
2.22
2.17
2.07
2.04
1.95
1.96
2.13
2.11
1.92
1.93
2.05
2.15
2.09
2.05
2.18
1.86
2.06
2.08
2.06
1.88
1.99
2.06
2.07
1.93
2.00
2.02
2.11
2.03
1.95
2.10
1.86
2.20
2.07
2.07
1.99
1.89
2.11
2.06
1.99
1.94
2.00
2.13
2.16
2.04
2.11
1.84
2.14
2.14
2.06
2.16
2.05
2.02
1.94
2.03
2.13
1.98
2.07
2.10
2.10
2.12
2.06
2.06
2.09
2.00
2.13
2.01
1.98
2.11
2.09
2.13
2.10
2.07
2.01
2.02
2.00
2.11
2.19
1.99
2.06
2.13
2.09
2.20
2.04
2.01
2.09
2.07
2.15
2.02
2.01
2.06
2.04
2.11
2.02
2.10
2.15
2.10
2.02
2.11
2.17
1.95
2.07
2.11
2.09
2.13
2.08
2.11
2.08
2.03
2.14
1.97
2.05
2.18
2.11
2.08
2.06
2.36
2.08
2.02
2.13
2.27
1.99
1.84
1.81
1.72
2.02
1.87
1.84
1.76
2.16
2.64
2.05
2.46
2.21
2.36
2.09
2.38
2.02
2.10
2.09
1.87
2.12
2.01
2.15
2.21
2.15
2.42
2.18
2.28
2.65
2.07
2.06
2.12
2.00
1.98
2.00
2.06
2.24
2.00
1.99
2.09
2.12
2.04
1.97
1.98
2.02
2.13
1.94
2.17
1.92
2.23
2.07
2.06
2.08
2.10
2.19
1.94
2.07
2.18
1.95
1.92
2.04
2.11
2.05
2.24
2.26
2.08
2.29
2.15
1.96
2.24
2.30
2.07
2.31
2.14
2.09
2.21
2.11
2.17
2.03
2.03
2.14
2.18
2.07
2.17
2.04
2.09
2.17
2.33
2.29
2.08
2.23
2.23
2.03
2.25
2.19
2.14
2.05
2.14
2.21
2.22
2.10
2.04
2.08
2.13
1.91
1.97
2.01
2.09
2.37
2.02
2.05
1.90
2.31
2.01
2.05
2.13
2.05
2.22
1.79
2.24
2.37
2.05
2.02
2.26
1.79
2.01
2.12
2.15
2.13
2.07
1.98
2.00
2.00
2.15
2.21
2.21
2.06
2.01
2.26
2.08
2.09
2.29
2.16
2.13
2.02
2.18
1.99
2.14
2.07
2.05
2.08
1.90
1.73
1.83
2.14
2.07
2.24
2.24
2.10
2.18
2.18
2.13
2.15
2.21
2.13
2.13
2.16
2.03
2.19
2.11
2.08
2.20
2.13
2.01
2.18
2.26
2.11
2.23
2.44
2.10
2.15
2.04
1.99
2.03
2.02
2.02
1.98
2.04
2.05
2.06
2.19
2.05
1.98
2.23
2.14
2.20
2.07
2.33
2.39
2.10
2.13
2.11
2.14
2.25
2.19
2.15
2.23
2.54
2.02
2.04
2.00
2.04
2.16
2.11
2.05
2.12
2.05
2.07
1.94
2.31
2.12
2.00
1.95
2.01
1.97
2.04
2.18
2.10
2.15
2.11
2.34
2.10
2.18
2.25
2.07
2.03
2.12
2.20
2.12
2.16
2.10
2.21
2.13
2.08
2.12
2.29
2.02
2.47
1.92
2.20
2.16
2.50
1.95
2.21
2.09
2.67
1.93
2.04
2.19
1.95
2.19
2.09
2.65
2.11
2.07
2.02
1.99
2.11
2.07
1.97
2.12
2.22
2.10
1.92
1.98
2.13
2.17
2.02
2.16
1.93
2.16
1.88
1.91
2.19
2.18
2.44
2.22
2.17
2.28
2.19
2.51
2.04
2.02
2.10
2.00
2.03
1.96
2.06
2.05
2.16
2.15
2.22
2.19
2.18
2.22
2.13
2.13
2.18
2.04
2.17
2.08
2.04
2.17
2.08
2.15
2.09
2.63
2.07
2.06
2.10
2.15
2.10
2.14
2.45
1.94
2.20
2.19
2.42
2.05
1.93
2.11
2.42
1.95
1.96
2.12
2.50
2.00
2.32
2.20
2.56
2.00
1.86
1.92
2.04
2.33
2.37
1.90
2.07
2.35
2.34
2.05
2.04
2.04
2.12
2.11
2.14
2.24
2.21
2.06
1.97
2.02
2.04
2.03
2.04
2.02
2.14
2.46
2.02
2.53
2.26
2.00
2.02
2.03
2.15
1.95
1.94
2.62
1.95
2.68
2.11
1.96
1.94
1.93
2.60
2.07
1.96
1.96
1.96
2.64
2.12
1.95
1.97
2.62
1.95
2.11
1.81
1.97
2.23
2.01
2.60
2.20
2.32
2.18
2.25
2.17
2.03
2.07
2.05
2.23
2.19
2.62
2.19
2.12
2.24
2.70
2.14
2.09
2.28
2.07
2.20
2.34
2.15
2.21
2.22
2.59
2.24
2.01
1.98
1.98
1.98
2.06
1.97
2.02
1.95
2.12
2.09
2.42
1.95
2.38
2.01
2.61
2.03
2.13
2.01
2.06
2.00
2.08
2.04
2.23
2.11
2.32
2.31
1.96
2.09
2.02
2.21
2.16
2.15
1.93
2.04
1.93
1.91
2.12
1.80
2.15
1.88
2.19
2.15
2.01
1.82
2.23
1.95
2.20
1.90
2.00
2.04
1.99
1.83
1.82
2.27
2.06
1.99
2.16
1.92
2.08
1.92
2.31
2.12
2.15
1.94
2.02
1.86
2.08
2.06
2.05
2.01
1.99
2.10
2.01
2.06
2.13
2.01
2.12
2.09
2.09
2.06
2.07
1.99
2.09
2.01
2.08
2.04
2.15
2.18
1.77
2.04
1.96
2.13
2.14
2.25
2.14
2.56
2.16
1.97
2.14
2.06
2.08
2.10
2.21
2.20
2.12
2.05
1.99
2.19
2.18
2.17
1.91
2.20
2.00
2.18
1.96
2.03
1.99
2.08
2.18
1.78
2.11
2.03
2.10
2.16
1.74
2.19
2.15
2.00
2.13
2.11
2.07
2.11
1.96
2.04
2.10
2.01
2.10
2.05
2.12
2.11
2.09
2.09
2.13
2.11
2.09
2.09
2.35
2.08
2.06
2.44
2.09
2.06
2.06
1.95
2.10
1.93
2.07
2.13
2.08
2.17
2.20
2.09
2.16
1.99
2.06
2.05
2.12
1.97
2.47
2.12
1.98
2.04
2.34
2.10
2.01
1.94
2.16
2.08
1.92
2.08
2.15
2.07
2.13
1.99
2.05
2.20
1.87
1.96
2.08
2.09
1.96
1.94
1.82
2.05
2.08
2.05
1.98
1.97
2.12
2.03
2.00
2.14
1.99
2.18
1.99
2.09
2.07
2.04
2.14
2.05
1.95
2.12
1.94
2.01
2.14
2.04
2.06
1.93
2.01
2.10
1.99
2.00
2.00
1.98
2.02
2.00
1.98
2.00
1.99
2.04
2.02
2.04
2.05
1.98
2.03
2.04
1.94
1.99
1.99
1.95
2.00
1.97
2.00
2.00
2.01
1.93
2.08
2.04
1.96
2.04
2.02
2.03
1.98
2.10
2.02
2.03
2.07
2.10
2.01
2.04
2.01
2.05
2.00
2.06
1.99
2.02
1.75
1.75
1.94
2.03
2.31
1.97
2.34
1.94
2.02
2.04
2.00
2.28
2.01
1.94
1.93
1.96
1.96
1.94
1.91
1.94
2.03
1.97
2.01
2.05
1.96
1.99
1.85
2.16
2.15
1.89
1.92
1.85
2.16
2.15
1.89
1.92
2.16
2.01
1.96
1.92
2.06
2.15
2.05
1.99
2.04
2.04
2.16
1.96
1.91
1.96
1.97
2.13
1.99
1.96
1.99
2.04
2.22
2.04
1.94
1.86
3.37
1.98
2.28
1.94
1.93
1.94
3.48
2.08
2.01
2.11
2.60
2.15
2.22
1.92
2.44
2.10
2.23
2.08
2.40
2.16
2.12
2.03
2.07
1.92
1.92
2.29
1.91
2.09
2.08
2.30
2.18
2.09
2.22
1.91
2.06
2.07
1.97
1.97
1.95
2.05
1.96
2.16
2.29
2.19
2.27
2.19
2.24
2.42
2.22
2.28
2.26
2.11
2.24
2.25
2.18
2.24
2.25
2.13
2.35
2.15
2.14
2.25
2.35
2.18
2.02
2.03
2.04
2.12
2.14
2.17
2.10
2.02
1.96
2.08
2.14
2.19
1.93
2.10
2.06
1.92
2.13
2.01
2.20
2.11
2.18
2.09
2.17
2.06
1.88
2.07
2.00
1.97
2.11
2.20
2.03
2.15
1.90
1.99
2.09
2.01
2.21
2.02
2.26
2.01
2.14
2.03
1.99
2.06
1.93
2.09
2.12
2.28
2.03
2.02
2.06
2.01
2.10
1.97
2.19
1.91
2.40
2.02
2.05
2.04
2.23
2.04
1.89
2.02
1.93
1.96
1.99
1.88
1.87
2.03
1.91
2.30
2.21
2.12
2.47
2.55
1.96
2.18
2.37
2.14
1.83
2.32
2.05
1.99
1.93
2.11
2.25
2.02
1.78
2.12
2.20
2.15
1.85
2.17
2.44
2.24
1.87
2.28
2.08
2.01
1.91
2.30
2.00
2.14
1.82
2.13
2.16
2.26
1.86
2.16
1.97
2.07
2.06
2.12
2.07
2.03
2.09
2.12
2.06
2.03
2.08
2.11
2.04
2.05
2.08
2.07
2.06
2.07
2.09
2.08
2.04
2.04
2.07
2.08
2.05
2.04
2.09
2.11
2.05
2.03
2.06
2.12
2.05
2.04
2.08
2.12
2.05
2.04
2.07
2.09
2.07
2.05
2.13
2.09
2.08
2.15
2.13
2.15
2.02
2.38
2.12
2.27
2.38
2.03
2.33
1.99
2.06
2.10
2.06
2.09
2.11
2.05
2.07
2.25
2.19
2.03
2.06
2.03
2.00
2.05
2.00
2.20
2.24
2.27
2.17
2.12
2.27
2.01
2.10
2.14
2.22
2.37
2.21
2.11
2.24
2.07
2.12
2.16
2.21
2.31
2.19
2.14
2.20
2.01
2.07
2.07
2.26
2.20
2.08
2.03
2.43
2.38
2.09
2.11
2.27
2.22
2.08
1.94
2.39
2.33
2.11
2.09
2.24
2.17
2.04
1.87
2.41
2.45
2.08
1.91
2.06
1.97
2.03
2.00
2.21
2.08
2.11
2.02
2.20
2.08
2.07
2.00
2.19
2.05
2.02
2.13
2.08
2.04
2.14
2.59
2.10
2.05
2.04
2.11
1.98
2.19
2.09
1.88
1.99
2.23
2.36
2.22
2.07
2.01
2.08
2.13
2.03
1.89
2.07
2.04
2.23
2.08
1.95
2.11
1.99
2.26
1.71
1.65
2.28
2.34
2.29
2.24
1.89
1.99
2.05
2.13
2.08
2.01
2.09
1.99
2.05
2.06
2.07
2.03
2.12
2.05
2.12
1.97
1.99
2.03
1.93
1.95
2.11
1.88
2.10
1.88
2.06
2.06
2.10
2.22
2.29
2.02
2.02
2.00
2.04
2.19
1.91
1.92
1.93
1.93
2.16
1.95
1.97
1.97
1.99
2.07
2.16
2.45
2.42
2.02
2.02
1.90
2.01
2.11
2.21
2.10
1.96
2.12
1.98
1.99
2.00
2.15
2.26
1.98
2.06
2.02
2.21
2.07
2.24
2.33
2.19
2.39
2.17
2.39
2.22
2.38
2.19
2.45
2.31
2.31
2.33
2.33
2.17
2.41
2.01
2.06
2.05
2.05
2.04
2.03
2.03
2.05
2.10
2.31
2.15
2.02
2.12
2.06
2.25
2.04
2.09
2.25
1.99
1.99
2.11
2.06
1.98
2.13
1.96
2.12
2.00
1.98
1.96
2.12
2.25
1.98
2.06
2.08
2.08
2.12
2.00
2.07
1.99
2.06
2.02
2.13
2.39
2.01
2.07
2.12
1.76
2.04
2.13
1.89
2.17
2.01
2.01
2.03
2.06
